001999271
001996179
001972916
001834173
001826414
001813335
001719050
001378876
001378847
001378024
001376951
001375533
001374922
001374056
001374055
001374053
001136785
001128646
001121318
001119374
001119362
001112888
001112382
001108231
001099226
001089873
001073201
001049228
001046766
002332529
002324595
002324535
002209144
002194061
002113728
001965282
001961494
001961492
001961491
001961490
001961485
001961482
001961479
001961464
001961462
001961460
001961457
001961452
001961421
001961407
001961376
001961375
001961369
001961366
001961364
001961362
001961351
001960112
001960109
001960090
001960089
001960073
001960060
001960055
001960041
001960035
001960006
001960002
001959999
001959994
001959979
001959968
001959962
001959958
001959951
001959945
001957753
001957717
001957697
001957696
001957694
001957692
001957690
001957687
001957682
001956392
001956391
001956384
001956382
001956381
001956380
001956378
001956376
001956371
001956369
001956368
001956359
001956354
001956352
001956350
001956349
001956347
001956332
001956331
001956330
001956327
001956326
001956324
001956323
001956321
001956318
001956317
001956315
001956282
001956279
001956277
001956276
001956275
001956274
001956273
001956272
001956268
001956267
001956221
001956219
001956217
001956214
001956202
001956201
001956200
001956199
001956197
001956169
001956166
001956164
001956162
001956160
001956158
001956156
001956155
001956152
001956147
001956144
001956143
001956140
001956139
001956138
001956136
001956135
001956130
001952941
001952931
001952928
001952925
001952921
001952891
001952887
001952885
001952883
001952879
001952872
001952867
001952489
001952487
001952484
001952482
001952480
001952478
001952477
001952474
001952472
001951157
001951137
001951134
001928080
001926995
001926708
001926707
001926706
001926704
001926703
001926702
001926701
001926699
001926698
001926696
001926695
001926693
001926692
001926690
001926688
001926687
001926686
001926685
001926684
001926681
001926680
001926679
001926678
001926677
001926676
001926675
001926673
001926672
001926670
001926668
001926667
001926666
001926665
001926664
001926662
001926661
001926660
001926658
001926640
001926625
001925753
001797558
001797177
001749155
001720018
001144385
001137257
001129218
001126211
001120845
001111736
001099419
001099026
001098584
001098579
001098555
001098240
001098235
001098104
001097885
001093811
001093459
001093457
001070859
001014843
001903773
002190169
001975087
001961879
001906565
001905501
001905496
001905433
001905376
001905274
002162789
002065271
002025987
002025983
002025963
002015997
001946591
002190152
001997895
001978488
001978262
001978252
001978203
001974579
001974459
001974248
001973116
001970293
001969883
001944640
001941533
001937784
001937436
001937301
001937018
001936967
001935968
001933174
001933172
001933165
001933163
001933142
001931990
001931981
001931630
001931575
001931542
001927858
001905784
001905481
001865674
001863101
001850940
001850486
001843163
001842950
001842934
001840566
001840558
001840552
001840539
001840517
001840514
001840460
001840375
001840332
001838101
001834933
001834108
001833582
001833391
001833383
001810906
001807195
001780865
001780789
001780611
001749037
001734994
001727281
001725524
001718233
001706815
001704275
001145762
001128431
001121219
001107518
001107500
001107492
001104096
001091106
001090012
001088171
001085053
001084902
001081171
001081126
001078239
001042181
001042176
002490214
002194702
002194621
002164941
002164565
002112361
002102095
002066363
002065538
002342221
002305725
002301630
002284221
002281267
002280758
002268065
002469584
002250541
002247086
002232927
002214524
002194541
002192166
002141367
002134597
002127131
002107442
002104205
002093271
002092654
002092396
002091226
002088127
002080031
002080024
002074227
002058908
002054033
002051215
002024131
002024120
002019727
002014408
002011317
002004892
002004882
002004873
002004550
001999561
001999545
001999537
001999529
001999524
001999520
001999515
001999510
001998937
001992217
001991582
001991543
001987947
001986664
001986455
001986447
001986441
001986249
001986166
001984817
001982755
001980417
001979563
001975293
001974684
001972556
001967201
001966508
001966502
001966495
001963371
001963369
001963335
001960528
001957068
001955902
001955662
001953166
001950271
001949254
001947518
001947458
001945610
001943127
001940411
001940031
001939941
001939557
001936273
001936161
001934369
001934348
001934337
001934317
001934313
001934285
001934281
001929249
001918750
001918705
001918680
001915992
001915988
001912767
001909873
001909468
001909458
001907111
001902317
001900387
001894200
001892066
001891958
001889524
001889519
001877455
001877449
001877445
001877434
001877429
001877425
001877410
001877394
001875295
001867669
001863360
001862036
001853871
001850911
001848091
001842827
001826878
001824547
001824403
001824402
001824401
001824400
001823842
001823837
001823467
001816915
001816367
001816353
001810722
001810720
001810712
001810707
001810705
001810703
001810699
001810697
001809115
001808622
001808212
001808199
001805790
001799245
001798873
001798076
001798073
001798062
001798060
001798058
001798050
001796128
001794566
001794554
001793034
001791061
001791060
001791057
001791052
001791044
001791041
001791037
001790416
001790394
001790384
001790051
001788466
001788461
001788460
001788456
001788455
001788452
001788450
001785135
001783104
001782444
001782383
001782382
001781877
001780810
001780807
001780804
001780802
001780799
001780797
001780795
001780794
001780792
001780790
001780788
001780786
001780783
001780079
001779795
001779743
001765965
001765785
001762272
001761216
001758150
001755686
001755110
001754812
001754803
001744510
001744505
001743772
001740369
001738886
001738882
001738875
001738872
001738866
001738864
001738859
001738856
001738852
001738631
001738183
001736056
001736028
001734305
001734296
001734294
001734293
001734292
001734290
001734289
001734288
001732816
001732467
001732440
001730348
001728765
001726050
001725885
001725883
001725772
001722397
001720956
001720652
001717645
001715008
001713897
001710675
001570920
001570827
001570726
001570148
001569956
001568859
001568000
001566311
001566285
001563131
001562553
001562544
001562330
001561797
001555680
001555545
001552390
001550495
001548979
001547545
001547281
001545322
001544047
001543928
001543641
001542524
001541142
001540793
001539945
001539807
001539175
001538984
001538597
001538034
001537688
001537187
001536246
001536244
001536006
001535992
001535986
001535975
001534468
001534057
001533733
001533466
001531329
001528824
001528518
001527715
001527703
001503779
001460766
001460763
001460761
001460760
001460758
001460757
001460756
001460755
001460754
001460753
001460749
001460747
001460746
001460732
001460730
001460726
001460722
001460721
001460716
001460706
001460703
001460701
001460699
001460696
001460691
001460687
001460685
001460682
001460680
001460679
001460678
001460677
001460676
001460674
001460671
001460669
001460666
001460665
001460663
001460661
001460657
001460652
001460650
001460648
001460645
001460643
001460642
001460640
001460638
001460637
001460635
001460628
001460623
001460617
001460606
001460604
001460601
001460600
001460599
001460597
001460588
001460582
001460581
001460578
001460577
001460576
001460572
001460570
001460569
001460568
001460560
001460558
001460547
001460530
001460520
001460469
001460463
001460457
001460456
001460445
001460426
001460404
001460381
001460371
001460368
001460363
001460349
001460331
001460321
001460313
001460303
001460288
001460287
001460280
001460279
001460246
001460240
001460226
001460223
001460213
001460203
001460195
001460181
001460177
001460171
001460166
001460159
001460151
001460146
001460142
001460141
001460138
001460136
001460126
001460124
001460114
001460112
001460111
001460109
001460107
001460103
001460094
001460091
001460089
001460087
001460056
001460053
001460051
001460047
001460009
001459945
001459935
001459932
001459916
001459909
001459899
001459878
001459866
001459862
001459856
001459853
001459845
001459831
001459823
001459820
001459811
001459809
001459787
001459786
001459785
001459783
001459782
001459780
001459779
001459778
001459777
001459776
001459775
001459774
001459773
001459772
001459771
001459770
001459769
001459768
001459767
001459765
001459764
001459763
001459762
001459761
001459760
001459758
001459756
001459755
001459750
001459744
001459741
001459740
001459739
001459738
001459737
001459736
001459735
001459734
001459733
001459732
001459731
001459730
001459729
001459728
001459727
001459719
001459718
001459717
001459716
001459715
001459714
001459713
001459712
001459711
001459710
001459709
001459708
001459707
001459706
001459700
001459699
001459698
001459697
001459695
001459694
001459691
001459683
001459682
001459681
001459680
001459678
001459677
001459676
001459675
001459674
001459673
001459672
001459671
001459670
001459664
001459662
001459660
001459656
001459652
001459651
001459648
001459647
001459646
001459645
001459644
001459643
001459637
001459635
001459627
001459626
001459625
001459624
001459622
001459618
001459617
001459616
001459615
001459613
001459611
001459610
001459609
001459606
001459605
001459596
001459593
001459592
001459590
001459589
001459588
001459587
001459585
001459584
001459583
001459582
001459581
001459580
001459579
001459569
001459568
001459561
001459560
001459559
001459558
001459557
001459556
001459555
001459554
001459553
001459552
001459550
001459549
001459546
001459545
001459544
001459543
001459542
001459538
001459532
001459528
001459524
001459523
001459522
001459521
001459520
001459519
001459517
001459516
001459515
001459514
001459513
001459512
001459511
001459510
001459509
001459505
001459504
001459503
001459502
001459501
001459500
001459498
001459495
001459494
001459489
001459488
001459487
001459486
001459485
001459481
001459478
001459473
001459471
001459470
001459469
001459468
001459467
001459459
001459451
001459450
001459449
001459448
001459447
001459446
001459445
001459444
001459442
001459440
001459439
001459437
001459434
001459433
001459432
001459431
001459430
001459428
001459426
001459420
001459419
001459418
001459417
001459405
001459404
001459403
001459401
001459400
001459394
001459387
001459378
001459375
001459373
001459372
001459366
001459365
001459364
001459361
001459360
001459358
001459357
001459355
001459353
001459351
001459350
001459349
001459348
001459347
001459343
001459342
001459341
001459339
001459336
001459334
001459329
001459328
001459326
001459323
001459322
001459321
001459320
001459319
001459318
001459317
001459316
001459315
001459313
001459312
001459310
001459309
001459308
001459298
001459294
001459291
001459287
001459286
001459283
001459282
001459278
001459274
001459272
001459268
001459267
001459265
001459264
001459263
001459262
001459261
001459259
001459258
001459257
001459254
001459253
001459252
001459251
001459249
001459247
001459246
001459245
001459244
001459242
001459241
001459239
001459230
001459228
001459227
001459224
001459218
001459216
001459211
001459210
001459209
001459208
001459207
001459206
001459205
001459203
001458975
001458969
001458954
001458953
001458952
001458951
001458939
001458938
001458936
001458933
001458930
001458927
001458925
001458923
001458922
001458921
001458920
001458919
001458917
001458913
001458905
001458904
001458900
001458896
001458883
001458882
001458881
001458875
001458867
001458861
001458860
001458859
001458858
001458857
001458853
001458846
001458845
001458839
001458838
001458815
001458767
001458730
001458724
001458719
001458625
001458618
001458616
001458615
001458609
001458608
001458607
001458606
001458605
001458598
001458597
001458594
001458593
001458592
001458591
001458590
001458589
001458588
001458587
001458582
001458581
001458580
001458578
001458577
001458576
001458575
001458573
001458572
001458571
001458569
001458568
001458567
001458565
001458564
001458563
001458562
001458560
001458559
001458558
001458557
001458554
001458553
001458552
001458551
001458546
001458543
001458542
001458541
001458539
001458529
001458528
001457849
001457845
001457839
001457832
001457831
001457815
001457774
001457628
001457625
001457424
001457323
001457322
001457315
001457300
001457289
001457270
001457255
001457252
001457251
001457250
001456935
001456930
001456928
001456881
001456471
001456461
001456452
001456445
001456426
001456422
001456417
001456406
001456402
001456396
001456393
001456392
001456384
001456373
001456267
001456257
001456252
001456238
001456233
001456222
001456221
001456220
001456215
001456212
001455988
001455985
001455984
001455981
001455976
001455975
001455973
001455962
001455957
001455955
001455954
001455949
001455946
001455945
001455943
001455940
001455939
001455932
001455924
001455910
001455906
001455905
001455904
001455898
001455895
001455894
001455889
001455887
001455882
001455881
001455856
001455852
001455536
001455479
001455468
001455439
001455429
001455410
001455244
001455140
001455120
001455103
001455089
001455085
001455075
001455074
001455058
001455050
001455049
001455045
001454993
001454923
001454848
001454825
001454665
001454615
001454593
001454585
001454570
001454561
001453587
001453565
001453534
001451916
001451913
001451912
001451910
001451908
001451897
001451885
001451883
001451880
001451877
001451868
001451866
001378374
001378370
001378324
001378316
001378315
001378240
001377788
001377787
001377786
001377653
001377207
001377087
001377086
001376485
001376478
001376477
001376476
001376261
001376258
001376181
001376180
001376163
001376148
001376144
001376023
001375673
001375669
001375651
001375650
001375649
001375446
001375384
001375359
001375353
001375337
001374796
001374795
001374652
001374581
001374579
001374227
001374000
001373986
001373978
001373977
001373803
001373753
001373752
001373731
001373606
001373599
001373593
001373550
001373549
001373548
001373547
001373545
001373266
001373244
001373243
001373242
001373241
001373225
001373223
001373034
001373033
001373005
001372544
001372526
001372474
001372425
001372060
001372059
001372058
001371979
001371712
001371570
001371569
001371554
001371277
001371238
001371237
001371043
001371037
001371031
001370829
001370813
001370806
001370325
001370322
001370319
001370313
001370281
001370271
001370270
001370269
001370268
001370257
001370216
001369971
001369970
001369948
001369343
001369342
001369330
001369325
001369291
001369283
001369278
001369276
001369263
001369262
001368943
001368942
001368899
001368898
001368667
001368624
001368617
001368616
001368486
001368472
001368382
001368381
001368105
001368094
001367934
001367896
001367874
001367870
001367842
001367721
001367712
001367555
001367529
001367526
001367523
001367522
001367521
001367503
001367190
001367172
001366636
001366635
001366629
001366598
001366595
001366593
001366586
001366546
001366523
001365850
001365832
001365819
001365813
001365788
001365778
001365776
001365745
001365061
001365027
001365019
001365017
001365016
001364984
001364961
001364960
001364898
001364872
001364539
001364517
001364385
001364384
001364372
001364371
001364370
001364345
001364342
001363892
001363505
001363475
001363474
001363464
001363185
001363157
001363155
001363145
001363144
001363116
001363017
001363015
001362724
001362722
001362626
001362624
001362596
001362523
001362522
001362519
001362517
001362516
001362266
001362225
001361825
001361760
001361759
001361758
001361555
001361554
001361517
001361516
001361507
001361460
001361435
001361420
001361121
001361119
001361118
001360924
001360923
001360922
001360918
001360894
001360476
001360475
001360474
001360473
001360472
001360471
001360227
001360216
001359817
001359791
001359753
001359512
001359486
001359212
001359206
001359177
001359176
001359158
001359157
001359156
001359155
001359115
001359111
001358810
001358604
001358522
001358519
001358518
001358504
001358479
001358474
001358473
001358455
001358454
001358176
001358157
001358145
001358112
001357960
001357806
001357774
001357204
001357203
001357190
001357189
001357183
001357166
001356819
001356815
001356566
001356527
001356496
001356495
001356112
001356111
001356110
001356106
001356085
001355900
001355899
001355870
001355869
001355854
001355762
001355728
001355693
001355692
001355651
001355641
001355628
001355627
001355626
001355624
001355619
001355613
001355607
001355606
001355600
001354812
001354799
001354758
001354737
001354724
001354719
001354715
001354707
001354706
001354302
001354293
001354190
001353689
001353688
001353432
001353330
001353323
001353322
001353311
001353292
001353291
001352660
001352629
001352622
001352620
001352619
001352597
001352591
001352590
001352587
001352561
001352559
001352558
001352551
001352547
001352524
001352522
001352082
001352073
001352052
001352022
001351722
001351568
001351546
001351543
001351493
001351175
001351165
001351163
001351157
001351125
001351095
001351091
001351083
001350846
001350845
001350844
001350841
001350835
001350834
001350833
001350782
001350247
001350244
001349892
001349767
001349765
001349670
001349478
001349476
001349475
001349264
001349263
001349234
001349199
001349182
001349172
001349171
001348911
001348909
001348903
001348902
001348901
001348897
001348894
001348893
001348892
001348891
001348890
001348889
001348888
001348887
001348885
001348884
001348882
001348881
001348880
001348877
001348876
001348874
001348873
001348871
001348870
001348868
001348866
001348862
001348861
001348788
001348654
001348378
001348106
001348053
001348035
001348022
001348021
001347763
001347496
001347493
001347425
001347410
001347101
001346769
001346756
001346363
001346354
001346234
001346182
001346161
001346084
001346083
001346065
001345754
001345735
001345734
001345731
001345432
001345428
001345427
001345396
001345130
001345114
001345112
001345107
001344714
001344687
001344371
001344193
001344162
001344154
001344147
001344145
001343433
001343412
001343391
001343112
001343109
001343099
001342816
001342815
001342804
001342801
001342792
001342791
001342779
001342778
001342755
001342754
001342753
001342566
001342561
001342532
001342474
001342304
001342263
001341999
001341984
001341959
001341668
001341658
001341649
001341364
001341314
001341170
001341139
001340925
001340623
001340397
001340383
001340381
001340215
001340183
001339907
001339832
001339412
001339411
001339410
001339408
001339398
001339395
001339392
001339377
001339375
001339092
001338718
001338679
001338442
001338441
001338431
001338418
001338388
001338038
001337976
001337859
001337851
001337850
001337849
001337847
001337846
001337845
001337522
001337434
001337433
001337427
001337424
001337383
001337373
001337372
001337297
001336845
001336837
001336829
001336827
001336802
001336518
001336517
001336369
001336358
001336331
001336330
001336328
001336326
001336324
001336021
001336019
001335997
001335973
001335595
001335594
001335532
001335531
001334856
001334854
001334844
001334765
001334742
001334741
001334739
001334725
001334724
001334723
001334417
001334303
001334300
001334287
001334274
001334139
001333888
001333887
001333830
001333828
001333373
001333331
001333290
001332887
001332873
001332864
001332862
001332852
001332816
001332569
001332555
001332554
001332521
001332497
001332480
001332011
001331972
001331923
001331902
001331637
001331623
001331619
001331617
001331297
001331294
001331252
001331245
001331129
001331110
001331073
001331071
001331062
001331052
001330848
001330804
001330488
001330438
001329851
001329813
001329765
001329495
001329486
001328628
001328501
001328489
001328471
001328202
001327823
001327812
001327795
001327782
001327778
001327607
001327585
001327564
001327556
001327555
001327554
001327083
001327027
001327026
001326911
001326910
001326899
001326864
001326786
001326595
001326581
001326580
001326578
001326437
001326423
001326414
001326408
001326403
001326402
001325920
001325862
001325726
001325702
001325643
001325615
001325614
001325613
001325342
001325292
001325291
001325290
001325267
001324992
001324989
001324986
001324963
001324962
001324958
001324953
001324952
001324948
001324875
001324315
001324298
001324291
001324290
001324288
001324103
001324087
001324086
001324047
001324046
001323601
001323597
001323594
001323394
001323391
001323344
001323341
001323201
001323163
001323144
001323139
001323113
001323110
001323109
001322997
001322995
001322994
001322951
001322528
001322527
001322519
001322518
001322347
001322346
001322298
001322297
001322290
001322228
001322215
001322213
001322201
001322181
001322163
001322162
001322161
001321777
001321776
001321744
001321743
001321742
001321705
001321703
001321661
001321658
001321650
001321624
001321593
001321163
001321160
001321159
001321156
001321144
001321142
001321141
001321140
001321120
001321117
001321116
001321056
001320867
001320864
001320846
001320844
001320841
001320837
001320836
001320834
001320617
001320615
001320609
001320600
001320599
001320379
001320371
001320353
001320315
001320314
001320313
001320278
001320262
001320127
001320089
001320087
001320081
001319525
001319518
001319516
001319243
001319164
001319152
001319151
001318829
001318825
001318817
001318776
001318775
001318750
001318748
001318493
001318424
001318423
001318414
001318367
001317497
001317065
001317045
001317035
001317034
001317033
001316899
001316880
001316879
001316854
001316832
001316815
001316814
001316809
001316808
001316802
001316451
001316170
001316128
001316105
001315643
001315564
001315560
001315176
001315143
001315117
001314933
001314927
001314917
001314869
001314731
001314706
001314702
001314677
001314671
001314656
001314308
001314307
001314305
001314297
001314262
001313961
001313429
001313417
001313413
001312920
001312909
001312903
001312901
001312881
001312862
001312841
001312416
001312387
001312369
001312356
001312326
001311928
001311828
001311774
001311449
001311371
001310911
001310909
001310890
001310860
001310858
001310659
001310642
001310641
001310613
001310249
001310150
001310120
001309622
001309586
001309450
001309430
001309420
001309416
001309384
001309050
001309022
001309003
001308727
001308393
001308388
001308385
001308384
001308325
001308320
001307744
001307699
001307129
001307128
001307127
001307106
001307087
001306939
001306801
001306793
001306744
001306366
001306190
001306182
001305812
001305810
001305806
001305647
001305618
001305604
001305600
001305022
001305020
001304716
001304706
001304624
001304620
001304582
001304526
001304014
001303998
001303654
001303641
001303640
001303639
001303638
001303637
001303636
001303635
001303626
001303602
001303540
001303126
001303097
001303083
001302635
001301798
001301599
001301588
001301583
001301561
001301533
001301487
001301110
001300930
001299977
001299976
001299918
001299689
001299670
001299286
001299285
001299282
001299281
001299176
001298660
001297861
001296995
001296974
001296421
001296420
001296419
001296410
001296409
001296408
001296407
001296406
001296369
001295779
001295769
001295768
001295767
001295766
001295704
001295387
001295199
001295198
001295167
001295166
001294728
001294727
001294726
001294725
001294724
001294723
001294722
001294714
001294709
001294382
001294118
001294067
001293578
001293558
001293219
001292759
001292699
001292202
001291918
001291528
001291527
001291070
001291002
001290668
001290493
001289912
001289321
001289316
001289307
001289285
001288816
001288802
001288800
001288786
001288785
001288784
001287543
001287482
001287067
001287057
001287056
001287055
001286978
001286770
001286482
001285836
001285167
001285109
001285058
001284965
001284915
001284914
001284602
001284585
001284221
001283744
001283490
001283488
001283087
001283026
001282784
001282581
001281519
001281181
001281135
001281124
001280385
001279945
001279943
001279935
001279923
001279919
001279593
001279586
001279585
001279584
001278968
001278499
001278498
001278486
001278090
001277777
001277286
001276964
001276935
001276924
001276749
001276730
001276726
001276529
001276468
001275611
001275574
001275360
001275280
001275054
001275052
001274677
001274619
001274365
001273904
001273656
001273633
001273608
001273591
001273249
001272769
001272742
001272712
001272359
001272336
001272334
001271977
001271973
001271919
001271770
001271584
001271579
001271065
001271046
001270236
001269934
001269155
001268665
001268662
001268116
001267707
001267626
001267609
001267593
001267583
001267216
001267045
001267041
001267040
001267003
001266996
001266019
001266018
001265711
001264916
001264463
001264417
001263950
001263821
001263368
001262985
001262979
001262973
001262967
001262891
001261916
001261915
001261428
001261076
001260826
001260720
001260693
001260689
001260674
001260673
001260487
001260484
001260456
001260455
001260171
001260121
001259186
001259164
001258662
001258645
001258644
001258643
001258640
001258623
001258608
001258584
001258582
001257755
001257754
001257746
001257742
001257241
001257164
001256677
001256673
001256672
001256671
001256664
001256660
001256116
001255533
001255264
001255040
001254950
001254824
001254585
001254571
001254566
001254197
001254193
001254033
001254025
001253665
001253641
001253436
001253428
001253416
001253197
001253194
001253193
001252869
001252741
001252732
001252731
001252717
001252699
001252500
001252499
001252108
001252092
001252080
001252062
001251962
001251875
001150574
001146971
001146949
001144553
001144530
001144092
001143484
001137066
001135228
001134915
001131730
001127993
001126591
001116889
001114441
001114439
001114148
001108884
001105193
001100442
001099194
001089875
001076527
001076433
001071866
001071674
001071643
001071623
001070614
001070590
001070564
001069590
001069565
001069005
001068029
001068023
001066687
001064560
001058339
001058218
001057553
001054938
001051020
001049352
001047303
001047298
001046634
001036406
001036395
001035402
001035257
001033790
001033584
001032879
001032876
001032004
001025715
001025566
001019488
001019472
001008187
001008175
001924348
001849768
001843134
001831718
001740260
001733037
001139806
001137967
001121302
001119298
001118902
001118439
001116703
001100012
001074300
001071865
001069251
001068358
001067207
001067198
001065800
001065789
001065769
001065766
001064881
001064783
001064462
001064354
001064309
001064279
001062463
001061531
001058163
001058151
001057781
001057352
001057270
001055869
001055760
001055471
001054927
001054846
001053310
001053110
001052807
001052796
001052389
001050896
001050862
001050823
001050817
001050246
001050104
001048087
001048023
001048016
001047078
001047020
001045615
001045570
001045374
001045163
001045099
001044971
001044597
001044569
001044528
001044429
001044216
001044208
001044201
001044196
001044190
001043990
001043987
001043980
001043964
001043959
001042881
001042863
001042855
001042852
001042804
001042795
001042670
001042663
001042632
001042619
001042604
001042603
001040969
001040911
001040661
001040617
001040609
001040572
001040488
001040430
001040227
001040215
001040202
001040066
001039758
001039724
001039693
001039211
001039193
001039188
001039099
001039060
001038641
001038612
001038589
001038439
001038436
001038433
001038411
001038185
001037974
001037961
001037944
001037935
001037902
001037875
001037815
001037790
001037352
001037337
001037323
001037317
001037074
001037033
001036889
001036831
001036773
001036430
001036408
001036407
001036384
001036369
001036349
001036335
001036317
001036277
001036061
001036052
001036051
001036048
001036040
001036013
001035974
001035950
001035943
001035668
001035664
001035657
001035620
001035588
001035577
001035560
001035431
001035078
001035058
001034925
001034893
001033733
001033705
001033665
001033406
001033378
001033244
001032924
001032269
001031609
001025858
001020562
001020505
001020231
001019805
002256422
002248261
002236629
002233429
002225243
002225229
002205532
002196990
002196918
002172659
002158052
002108919
002108913
002108908
002052243
002047522
002047474
002046019
002044110
002043743
002041546
002039895
001967229
001966486
001926828
001893155
001892825
001889347
001862436
001839115
001838429
001835563
001810520
001809207
001808405
001808383
001808371
001777419
001774068
001727541
001725306
001724832
001129974
001129319
001127716
001123952
001118701
001117803
001116630
001116145
001111613
001111544
001109225
001107683
001090126
001085544
001076559
001060357
001055498
001054709
001038391
001037939
001036467
001025227
001024775
001023502
001022976
001020636
001977409
001976897
001976729
001975110
001974565
001972781
001970502
001970497
001970384
001930820
001929672
001929261
001922224
001918813
001917345
001917213
001915594
001915130
001914590
001849498
001849326
001846199
001840029
001818407
001818401
001803193
001800737
001798520
001797765
001794586
001794490
001792567
001791939
001791324
001762402
001751883
001745647
001728351
001727805
001726367
001726113
001726062
001725513
001725067
001723735
001723385
001141226
001126793
001124795
001117171
001115403
001090137
001087483
001087442
001087436
001087357
001085298
001085276
001084954
001084934
001083821
001083817
001083406
001078662
001077137
001071434
001915363
001915096
001908194
001896349
001886298
001879065
001868613
001849337
001825048
001823745
001795260
001795170
001794596
001794401
001794003
001793938
001793161
001792978
001792967
001792642
001791976
001791383
001790239
001787731
001787668
001777749
001776933
001776883
001764783
001753962
001752973
001749606
001746982
001746482
001742638
001742256
001739437
001734142
001730111
001728519
001726555
001725367
001725236
001725232
001724461
001724408
001723692
001723598
001723034
001722949
001722502
001719558
001719436
001718259
001717341
001715220
001714514
001713548
001713545
001703915
001703189
001150839
001144240
001144073
001141397
001139375
001139069
001134462
001134074
001132384
001130861
001119340
001116984
001115578
001108429
001104185
001098083
001098070
001098067
001097745
001097680
001097676
001097666
001096134
001095863
001089384
001088704
001088629
001088626
001086882
001086850
001085917
001084187
001083515
001080071
001077218
001068345
001044375
001041195
001041184
001041160
001041094
001041088
001038832
001027485
001023244
001021778
001021375
001020233
001019531
001017454
001017352
001017019
001014999
001008690
001008685
001008682
001008675
001008623
001008588
001008543
001007429
001004150
001004086
001004062
001003915
001003358
001003335
001002024
001001979
001001904
001001717
000999589
000995501
002105583
002083084
002078379
002045999
002045905
002045839
002033364
002033340
002033276
002028990
002017703
002017018
002008137
002006047
001995727
001986998
001986953
001984341
001981689
001981647
001981626
001981525
001981151
001980789
001980788
001966631
001966617
001964285
001961002
001960185
001960159
001957954
001957142
001951111
001951053
001951040
001935134
001935129
001935116
001929687
001884664
001883296
001878558
001878019
001876725
001875433
001875431
001875322
001875318
001875312
001873068
001865528
001863225
001861053
001860878
001860835
001858138
001858070
001858060
001858058
001857988
001856783
001856733
001856693
001856663
001855802
001855798
001855793
001855790
001855786
001855785
001855781
001855768
001855715
001855705
001854268
001853686
001853653
001853596
001853581
001853580
001853526
001852478
001852066
001851841
001850205
001849480
001848017
001847454
001844290
001844201
001839809
001784301
001773669
001773417
001773400
001771943
001761317
001760220
001745877
001745118
001740553
001740545
